ID,Value
LoginPayload,"{""phone"": ""081283768422"",""password"": ""111111"",""type"": ""pin""}"
